34 2 ru5Ed re8J 65 122 0 255 0 255 0 255 0 255
1 1 ; 0 255
32 2 5.424 1.42 46 57 46 57 0 255 0 255 0 255
2 1 ( 40 40 
3 1 ) 0 255 
33 2 111 11111 48 57 0 255 0 255 0 255 0 255
4 1 = 61 61 
5 1 || 124 124 124 124 
6 1 && 38 38 38 38 
7 1 | 124 124 
8 1 ^ 94 94 
9 1 & 38 38 
10 1 + 0 255 
11 1 - 45 45 
12 1 ** 42 42 42 42 
13 1 * 42 42 
14 1 / 47 47 
15 1 % 37 37 
17 1 > 62 62 
16 1 >= 62 62 61 61 
19 1 < 60 60 
18 1 <= 60 60 61 61 
21 1 >>> 62 62 62 62 62 62 
20 1 << 60 60 60 60 
23 1 == 61 61 61 61 
22 1 >> 62 62 62 62 
25 1 ! 33 33 
24 1 != 33 33 61 61 
27 1 , 44 44 
26 1 ~ 126 126 
29 1 false 102 102 97 97 108 108 115 115 101 101 
28 1 true 116 116 114 114 117 117 101 101 
30 1 null 110 110 117 117 108 108 108 108