2 29 5 28 10 34 2 11 33 3 20 34 2 34 3 13 26 34 2 34 3 10 34 2 11 33 3 14 34 2 34 3 8 26 34 2 34 3 5 32 3 1
2 29 5 28 10 34 2 11 33 3 20 34 2 34 3 13 26 34 2 34 3 10 34 2 11 33 3 14 34 2 34 3 8 26 34 2 34 3 5 34 3 1
2 29 5 28 10 34 2 11 33 3 20 34 2 34 3 13 26 34 2 34 3 10 34 2 11 33 3 14 34 2 34 3 8 26 34 2 34 3 5 30 3 1
2 29 5 28 10 34 2 11 33 3 20 34 2 34 3 13 26 34 2 34 3 10 34 2 11 33 3 14 34 2 34 3 8 26 34 2 34 3 5 25 32 3
2 29 5 28 10 34 2 11 33 3 20 34 2 34 3 13 26 34 2 34 3 10 34 2 11 33 3 14 34 2 34 3 8 26 34 2 34 3 5 10 34 3
2 29 5 28 10 34 2 11 33 3 20 34 2 34 3 13 26 34 2 34 3 10 34 2 11 33 3 14 34 2 34 3 8 26 34 2 34 3 3 1 1 1
2 29 5 28 10 34 2 11 33 3 20 34 2 34 3 13 26 34 2 34 3 10 34 2 11 33 3 14 34 2 34 3 8 26 34 2 34 3 3 6 34 1
2 29 5 28 10 34 2 11 33 3 20 34 2 34 3 13 26 34 2 34 3 10 34 2 11 33 3 14 34 2 34 3 8 26 34 2 34 3 3 7 10 34
2 29 5 28 10 34 2 11 33 3 20 34 2 34 3 13 26 34 2 34 3 10 34 2 11 33 3 14 34 2 34 3 8 26 34 2 34 3 3 9 10 34
2 29 5 28 10 34 2 11 33 3 20 34 2 34 3 13 26 34 2 34 3 10 34 2 11 33 3 14 34 2 34 3 8 26 34 2 34 3 3 24 32 1
2 29 5 28 10 34 2 11 33 3 20 34 2 34 3 13 26 34 2 34 3 10 34 2 11 33 3 14 34 2 34 3 8 26 34 2 34 3 3 23 10 34
2 29 5 28 10 34 2 11 33 3 20 34 2 34 3 13 26 34 2 34 3 10 34 2 11 33 3 14 34 2 34 3 8 26 34 2 34 3 3 19 32 1
2 29 5 28 10 34 2 11 33 3 20 34 2 34 3 13 26 34 2 34 3 10 34 2 11 33 3 14 34 2 34 3 8 26 34 2 34 3 3 18 10 34
2 29 5 28 10 34 2 11 33 3 20 34 2 34 3 13 26 34 2 34 3 10 34 2 11 33 3 14 34 2 34 3 8 26 34 2 34 3 3 17 34 1
2 29 5 28 10 34 2 11 33 3 20 34 2 34 3 13 26 34 2 34 3 10 34 2 11 33 3 14 34 2 34 3 8 26 34 2 34 3 3 16 10 34
2 29 5 28 10 34 2 11 33 3 20 34 2 34 3 13 26 34 2 34 3 10 34 2 11 33 3 14 34 2 34 3 8 26 34 2 34 3 3 22 34 1
2 29 5 28 10 34 2 11 33 3 20 34 2 34 3 13 26 34 2 34 3 10 34 2 11 33 3 14 34 2 34 3 8 26 34 2 34 3 3 21 10 34
2 29 5 28 10 34 2 11 33 3 20 34 2 34 3 13 26 34 2 34 3 10 34 2 11 33 3 14 34 2 34 3 8 26 34 2 34 3 3 11 10 34
2 29 5 28 10 34 2 11 33 3 20 34 2 34 3 13 26 34 2 34 3 10 34 2 11 33 3 14 34 2 34 3 8 26 34 2 34 3 3 15 10 34
