3 1 meth 109 109 101 101 116 116 104 104 
4 1 eth 101 101 116 116 104 104 
5 1 prop 112 112 114 114 111 111 112 112 
6 1 but 98 98 117 117 116 116 
7 1 undec 117 117 110 110 100 100 101 101 99 99 
8 2 icos eicos 101 105 99 105 99 111 111 115 0 255 
10 1 hen 104 104 101 101 110 110 
11 1 do 100 100 111 111 
12 1 tri 116 116 114 114 105 105 
13 1 tetra 116 116 101 101 116 116 114 114 97 97 
14 1 pent 112 112 101 101 110 110 116 116 
15 1 hex 104 104 101 101 120 120 
17 1 oct 111 111 99 99 116 116 
16 1 hept 104 104 101 101 112 112 116 116 
19 1 dec 100 100 101 101 99 99 
18 1 non 110 110 111 111 110 110 
21 1 cont 99 99 111 111 110 110 116 116 
20 1 cos 99 99 111 111 115 115 
