8 35 26 35 33 40 33 39 33 35 26 35 33 35 27 27 28 10 26 35 16 39 24 35 14 35 27 35 13 39 32 10 26 35 20 35 15 39 27 35 13 39 32 11 35 13 39 32 28 35 32 35 13 35 32 29 9 32 9 35 34 35 32 35 34 35 20 35 22 39 32 35 34 35 20 35 24 35 13 35 32 29
8 35 26 35 33 40 33 39 33 35 26 35 33 35 27 27 28 10 26 35 16 39 24 35 14 35 27 35 13 39 32 10 26 35 20 35 15 39 27 35 13 39 32 11 35 13 39 32 28 35 32 35 13 35 32 29 9 32 9 35 34 35 32 35 34 35 20 35 22 39 32 35 34 35 20 35 24 35 17 35 32 29
8 35 26 35 33 40 33 39 33 35 26 35 33 35 27 27 28 10 26 35 16 39 24 35 14 35 27 35 13 39 32 10 26 35 20 35 15 39 27 35 13 39 32 11 35 13 39 32 28 35 32 35 13 35 32 29 9 32 9 35 34 35 32 35 34 35 20 35 22 39 32 35 34 35 20 35 24 35 17 39 32 29
8 35 26 35 33 40 33 39 33 35 26 35 33 35 27 27 28 10 26 35 16 39 24 35 14 35 27 35 13 39 32 10 26 35 20 35 15 39 27 35 13 39 32 11 35 13 39 32 28 35 32 35 13 35 32 29 9 32 9 35 34 35 32 35 34 35 20 35 22 39 32 35 34 35 20 35 24 35 18 40 32 29
8 35 26 35 33 40 33 39 33 35 26 35 33 35 27 27 28 10 26 35 16 39 24 35 14 35 27 35 13 39 32 10 26 35 20 35 15 39 27 35 13 39 32 11 35 13 39 32 28 35 32 35 13 35 32 29 9 32 9 35 34 35 32 35 34 35 20 35 22 39 32 35 34 35 20 35 24 35 19 35 32 29
8 35 26 35 33 40 33 39 33 35 26 35 33 35 27 27 28 10 26 35 16 39 24 35 14 35 27 35 13 39 32 10 26 35 20 35 15 39 27 35 13 39 32 11 35 13 39 32 28 35 32 35 13 35 32 29 9 32 9 35 34 35 32 35 34 35 20 35 22 39 32 35 34 35 20 35 24 35 21 35 32 29
8 35 26 35 33 40 33 39 33 35 26 35 33 35 27 27 28 10 26 35 16 39 24 35 14 35 27 35 13 39 32 10 26 35 20 35 15 39 27 35 13 39 32 11 35 13 39 32 28 35 32 35 13 35 32 29 9 32 9 35 34 35 32 35 34 35 20 35 22 39 32 35 34 35 20 35 24 35 23 35 32 29
8 35 26 35 33 40 33 39 33 35 26 35 33 35 27 27 28 10 26 35 16 39 24 35 14 35 27 35 13 39 32 10 26 35 20 35 15 39 27 35 13 39 32 11 35 13 39 32 28 35 32 35 13 35 32 29 9 32 9 35 34 35 32 35 34 35 20 35 22 39 32 35 34 35 20 35 24 35 25 39 32 29
8 35 26 35 33 40 33 39 33 35 26 35 33 35 27 27 28 12 26 35 16 39 24 35 14 35 27 35 13 39 32 10 26 35 20 35 15 39 27 35 13 39 32 11 35 13 39 32 28 35 32 35 13 35 32 29 9 32 9 35 34 35 32 35 34 35 20 35 22 39 32 35 34 35 20 35 24 35 13 35 32 29
8 35 26 35 33 40 33 39 33 35 26 35 33 35 27 27 28 10 26 35 16 39 24 35 14 35 27 35 13 39 32 10 26 35 20 35 15 39 27 35 13 39 32 11 35 13 39 32 28 35 32 35 13 35 32 29 9 32 9 35 34 35 32 35 34 35 20 35 22 39 32 35 34 35 20 35 24 35 26 27 32 29
