8 1 function 102 102 117 117 110 110 99 99 116 116 105 105 111 111 110 110
9 1 return 0 255 114 114 101 101 116 116 117 117 114 114
10 1 if 105 105 102 102
11 1 else 0 255 101 108 108 115 101 115
12 1 while 119 119 104 104 105 105 108 108 101 101
13 1 = 0 255
14 1 == 61 61 61 61
15 1 != 33 33 61 61
17 1 >= 62 62 61 61
16 1 > 0 255
19 1 <= 60 60 61 61
18 1 < 0 255
21 1 / 47 47
20 1 * 42 47
23 1 - 45 47
22 1 + 0 255
25 1 && 38 38 38 38
24 1 || 124 124 124 124
27 1 ) 0 255
26 1 ( 40 47
29 1 } 47 125
28 1 { 0 255
31 1 ] 47 93
30 1 [ 47 91
34 1 . 46 47
35 4 rhZ r$1 $K0Zz elt$ 0 255 0 255 0 255 0 255 0 255
32 1 ; 0 255
33 1 , 0 255
39 3 49 1111 11111 0 255 0 255 0 255 0 255 0 255
42 11 " # ! & @ ' ` % : \ | 33 127
40 11 "\"" ">\\" "o\"" "a<a" ":a" "QE@" "\b" "O\n" "T0" "0@" "bW" 0 255 0 126 0 255 0 255 0 255
