34 1 @ 32 64
35 1 #( 35 35 40 40
32 1 ~ 32 126
33 1 ~@ 126 126 64 64
38 1 ^ 32 94
39 1 #^ 35 35 94 94
36 1 #' 35 35 39 39
37 1 #_ 35 35 95 95
7 1 ( 32 44
8 1 ) 32 44
9 1 [ 32 91
10 1 ] 32 93
11 1 { 32 123
12 1 } 32 125
13 9 10. 9r9 111 5L 1.0 0r1l/4r3l 3r5n 2.5e3 1/0 32 57 0 255 0 255 0 255 0 255 0 255 0 255 0 255 0 255
17 1 nil 110 110 105 105 108 108
19 2 false true 0 255 0 255 102 117 97 101 0 255
18 2 "ab" "" 34 34 34 127 0 255 0 255
21 5 :LL ::$ ::a1 :0L :! 0 255 0 255 0 255 0 255
20 12 \L \. \tab \f \t \u \r \b \s \n \o \( 0 255 0 255 0 255 0 255
22 10 J96 G<L trL _$ _.= .-5 i3 > *L ?.& 32 122 0 255 0 255 0 255 0 255 0 255 0 255 0 255
29 1 # 32 44
31 1 ` 32 96
30 1 ' 32 44