17 33 22 33 21 33 22 33 21 34 22 17 34 22 19 28 21 17 34 22 34 18 20 21 33 22 15 18 21 33 22 28 18
17 33 22 33 21 33 22 33 21 34 22 17 34 22 19 33 21 17 34 22 34 18 20 21 33 22 15 18 21 33 22 35 18
17 33 22 33 21 33 22 33 21 34 22 17 34 22 19 33 21 17 34 22 34 18 20 21 33 22 15 18 21 33 22 16 18
17 33 22 33 21 33 22 33 21 34 22 17 34 22 19 33 21 17 34 22 34 18 20 21 33 22 15 18 21 33 22 14 18
17 33 22 33 21 33 22 33 21 34 22 17 34 22 19 33 21 17 34 22 34 18 20 21 33 22 15 18 21 35 22 15 18
17 33 22 33 21 33 22 33 21 34 22 17 34 22 19 33 21 17 34 22 34 18 20 21 33 22 15 18 18
17 33 22 33 21 33 22 33 21 34 22 17 34 22 19 20 21 35 22 35 18 18
17 33 22 33 21 33 22 33 21 34 22 17 34 22 19 20 21 35 22 35 18 21 35 22 33 21 35 22 19 35 20 18
17 33 22 33 21 33 22 33 21 34 22 17 34 22 19 20 21 35 22 35 18 21 35 22 33 21 35 22 19 17 18 20 18
17 33 22 33 21 33 22 33 21 34 22 17 34 22 19 20 21 35 22 35 18 21 35 22 33 21 35 22 17 18 18
