34 3 'O/' 'U\'' 'Attrs.Attr' 39 39 0 126 0 255 0 255 0 255 0 255 0 255 0 255 0 255 0 255 0 255 0 255
35 2 EC sd$sw 36 122 0 255 0 255 0 255 0 255
33 2 "\\j" "Q," 34 34 0 126 0 255 0 255 0 255
14 1 true 116 116 114 114 117 117 101 101 
15 1 false 102 102 97 97 108 108 115 115 101 101 
17 1 { 47 123 
16 1 null 110 110 117 117 108 108 108 108 
19 1 [ 47 91 
18 1 } 47 125 
21 1 , 44 47 
20 1 ] 47 93 
23 1 . 46 47 
22 1 : 47 58 
25 1 - 45 47 
24 1 + 43 47 
28 18 123456789 80.01E+59 05E70 123456 12E53 0.0 -54 1.18 1.0 60E+51 -4.4 -2065 22.31E41 70E+0 -6.8 -77E32 -63E+13 -6.3e89 45 57 0 255 0 255 0 255 0 255 0 255 0 255 0 255 0 255
31 33 E7410 E5 E6 E7 E294 E8 E0 E2 E-30 E1 E344 E4 E69 E+14 E40 E060 E46 E43 E62 E07 E-3 E87 E-0 E82 E-81 E-6 E+5 E+1 E+0 E+8 E-04 E+080 E058 69 101 43 57 0 255 0 255 0 255 
30 21 .5000 .500 .256 .00 .01 .36 .22 .5 .44 .851 .4 .2 .1 .19 .0 .04 .64 .651 .9 .8 .7 46 46 48 57 0 255 0 255 0 255 
